P076B080.JPG 80 94 135 
P075B058.JPG 97 88 76 
P080B093.JPG 82 90 90 
P084B079.JPG 82 91 100 
P083B063.JPG 41 72 106 
P083B059.JPG 65 68 80 
P048A041.JPG 60 57 81 
P027A008.JPG 126 127 140 
P085A018.JPG 107 88 68 
P078A026.JPG 99 68 81 
P028B085.JPG 64 61 52 
P079A039.JPG 89 87 81 
P079B093.JPG 66 70 54 
P045A033.JPG 78 90 85 
P078B092.JPG 77 75 97 
P026B107.JPG 91 85 103 
P084B069.JPG 86 94 99 
P078A031.JPG 71 81 65 
P081B075.JPG 81 64 82 
P077B057.JPG 58 56 55 
P078B057.JPG 64 72 98 
P048B079.JPG 57 74 77 
P083A007.JPG 37 54 65 
P085A009.JPG 82 80 80 
P081B068.JPG 72 90 93 
P077B087.JPG 68 82 71 
P081B100.JPG 106 117 133 
P081B078.JPG 114 82 78 
P085A034.JPG 92 97 105 
P084B082.JPG 143 94 101 
P050A031.JPG 75 83 79 
P028B102.JPG 90 93 115 
P082B082.JPG 42 55 59 
P083B087.JPG 54 67 98 
P074A039.JPG 80 86 59 
P084B068.JPG 73 75 73 
P079B086.JPG 82 93 106 
P046A018.JPG 64 75 76 
P083B064.JPG 64 67 80 
P084A050.JPG 116 92 62 
P076B078.JPG 104 99 103 
P027A045.JPG 115 112 112 
P077B101.JPG 76 39 53 
P077B064.JPG 86 82 86 
P081A007.JPG 62 89 102 
P078A020.JPG 149 93 99 
P082B086.JPG 57 75 94 
P078A017.JPG 63 81 91 
P086A032.JPG 52 70 78 
P077B066.JPG 61 41 36 
P058A026.JPG 93 95 116 
P059B102.JPG 54 59 73 
P085A020.JPG 86 86 74 
P076B085.JPG 58 57 74 
P076B077.JPG 89 89 102 
P027B103.JPG 71 82 88 
P083B081.JPG 72 78 94 
P059A049.JPG 53 68 93 
P045A010.JPG 74 89 84 
P080A026.JPG 45 51 66 
P078A007.JPG 121 75 86 
P026A045.JPG 55 66 93 
P027B084.JPG 73 80 97 
P082A002.JPG 112 73 72 
P085A012.JPG 73 83 78 
P078A001.JPG 83 62 59 
P084B073.JPG 80 84 82 
P025A048.JPG 97 107 116 
P076B094.JPG 76 91 132 
P058A027.JPG 83 98 94 
P076B083.JPG 91 94 129 
P027B085.JPG 104 111 118 
P077A044.JPG 96 105 127 
P084B087.JPG 52 52 55 
P081B080.JPG 84 97 109 
P076B087.JPG 72 71 89 
P048A025.JPG 42 58 75 
P080A001.JPG 80 95 134 
P075A003.JPG 78 80 77 
P079B092.JPG 63 71 65 
P077A041.JPG 66 70 89 
P076B090.JPG 62 69 100 
P049B082.JPG 61 80 71 
P077B073.JPG 110 73 79 
P080A002.JPG 124 123 144 
P083B058.JPG 64 67 90 
P027B093.JPG 130 67 44 
P083B073.JPG 65 83 77 
P080B094.JPG 69 78 74 
P077B100.JPG 65 69 72 
P060A001.JPG 76 81 122 
P076B074.JPG 68 65 84 
P085A022.JPG 48 66 76 
P080A023.JPG 84 89 109 
P074B106.JPG 66 85 68 
P084B071.JPG 77 90 95 
P076B082.JPG 55 63 80 
P059B057.JPG 93 88 87 
P083A030.JPG 68 83 88 
P059B101.JPG 84 82 82 
P028A021.JPG 129 118 111 
P080A008.JPG 81 88 103 
P076B084.JPG 62 67 89 
P038B109.JPG 93 77 70 
P085A023.JPG 100 102 98 
P080A011.JPG 92 100 141 
P081B107.JPG 103 99 110 
P084B084.JPG 92 103 122 
P028B092.JPG 56 63 57 
P081B076.JPG 91 110 104 
P028A043.JPG 113 124 171 
P059B103.JPG 68 70 82 
P028A010.JPG 98 107 138 
P078A029.JPG 74 94 99 
P084B067.JPG 59 67 70 
P027B083.JPG 79 92 107 
P080A042.JPG 105 90 73 
P027A017.JPG 91 104 124 
P078A038.JPG 111 78 75 
P023B097.JPG 59 78 117 
P081B109.JPG 59 80 101 
P082B098.JPG 65 78 79 
P025A015.JPG 98 103 110 
P058A023.JPG 106 126 111 
P077B105.JPG 65 48 64 
P076B086.JPG 57 56 74 
P079B075.JPG 65 68 75 
P077B052.JPG 87 44 74 
P083B055.JPG 94 77 71 
P049B076.JPG 53 72 56 
P085A013.JPG 48 56 50 
P048A023.JPG 25 44 64 
P085A049.JPG 97 115 121 
P082B071.JPG 50 69 65 
P076B076.JPG 102 101 132 
P085B097.JPG 99 79 83 
P026A049.JPG 69 68 80 
P077A024.JPG 95 50 73 
P085B098.JPG 59 71 83 
P084B090.JPG 91 88 81 
P080A022.JPG 78 82 103 
P041A039.JPG 62 34 36 
P049B052.JPG 55 60 89 
P026B110.JPG 86 77 82 
P081B077.JPG 87 94 105 
P049B078.JPG 28 47 72 
P030A021.JPG 43 48 58 
P076B108.JPG 73 67 91 
P027B102.JPG 69 77 97 
P027A012.JPG 78 79 97 
P078A033.JPG 70 81 65 
P077A033.JPG 86 70 79 
P048B088.JPG 40 58 52 
P080A041.JPG 64 62 77 
P050A032.JPG 89 100 92 
P082B091.JPG 52 62 55 
P049B056.JPG 56 75 80 
P078A021.JPG 106 64 78 
P080A017.JPG 112 114 130 
P050A033.JPG 76 88 84 
P027A006.JPG 125 122 136 
P084B085.JPG 67 77 62 
P077B063.JPG 86 72 63 
P077A008.JPG 55 89 121 
P083B079.JPG 42 58 80 
P030A020.JPG 89 81 86 
P080A043.JPG 90 85 76 
P027B092.JPG 83 102 123 
P084B055.JPG 87 79 84 
P076B092.JPG 37 52 80 
P078A025.JPG 89 66 67 
P027A002.JPG 101 97 111 
P076B104.JPG 54 73 128 
P077B071.JPG 129 98 77 
P078A050.JPG 113 81 67 
P081B110.JPG 101 74 72 
P023B100.JPG 68 64 65 
P075A004.JPG 63 71 77 
P027A040.JPG 36 45 64 
P081B106.JPG 87 82 91 
P083A009.JPG 48 62 67 
P026B105.JPG 104 106 125 
P079A048.JPG 70 72 60 
P079B080.JPG 45 48 58 
P051A012.JPG 55 73 80 
P077A002.JPG 45 68 101 
P046A007.JPG 100 119 128 
P078A002.JPG 54 74 93 
P026A046.JPG 52 68 100 
P027B109.JPG 117 101 107 
P074B052.JPG 75 80 75 
P047A019.JPG 67 80 61 
P078A027.JPG 68 80 72 
P025A028.JPG 106 119 149 
P027B108.JPG 53 59 70 
P025A036.JPG 63 77 82 
P027A047.JPG 91 92 98 
P048A038.JPG 72 71 100 
P083B057.JPG 92 99 109 
P027A041.JPG 83 101 113 
P079B109.JPG 45 70 99 
P077A027.JPG 60 73 72 
P045B082.JPG 104 103 92 
P076B097.JPG 146 71 71 
P076B096.JPG 101 103 138 
P027A011.JPG 104 103 119 
P077B097.JPG 82 64 60 
P025A034.JPG 75 88 91 
P028A018.JPG 83 85 95 
P027A027.JPG 77 84 123 
P038A043.JPG 55 62 62 
P079B082.JPG 105 106 110 
P074B092.JPG 62 70 71 
P079B108.JPG 47 64 96 
P028B086.JPG 75 82 107 
P027B100.JPG 82 99 131 
P080A007.JPG 73 79 88 
P081B086.JPG 87 89 109 
P028B103.JPG 97 94 106 
P080B096.JPG 89 95 100 
P083B068.JPG 98 120 107 
P028A042.JPG 108 117 153 
P024A025.JPG 92 109 133 
P079A012.JPG 61 69 74 
P026B075.JPG 126 116 114 
P080B091.JPG 104 114 112 
P028B099.JPG 114 100 110 
P078A030.JPG 67 85 89 
P023B101.JPG 68 75 101 
P028A011.JPG 59 65 86 
P082B063.JPG 57 71 88 
P044A017.JPG 93 113 158 
P084B089.JPG 73 84 73 
P018A006.JPG 73 74 75 
P078A042.JPG 113 87 68 
P084B091.JPG 95 107 101 
P077B068.JPG 106 79 74 
P083B088.JPG 60 74 105 
P082B077.JPG 17 44 119 
P082A001.JPG 63 79 92 
P078B056.JPG 89 78 32 
P079B085.JPG 70 75 93 
P081B105.JPG 98 88 99 
P027B110.JPG 108 120 135 
P049A042.JPG 84 115 86 
P023B094.JPG 92 93 108 
P084B051.JPG 71 79 73 
P081B064.JPG 92 98 113 
P026B051.JPG 123 122 148 
P027A007.JPG 88 90 118 
P080A004.JPG 107 85 133 
P083B066.JPG 92 86 89 
P049B080.JPG 25 45 67 
P027A005.JPG 121 110 112 
P081B084.JPG 42 74 103 
P077A034.JPG 56 61 43 
P026B106.JPG 112 113 121 
P026B074.JPG 116 110 113 
P081B098.JPG 91 97 106 
P079B100.JPG 89 93 97 
P028B094.JPG 85 90 83 
P048A024.JPG 29 47 67 
P027B090.JPG 94 109 131 
P045A044.JPG 85 108 111 
P038B103.JPG 73 61 59 
P080A003.JPG 87 68 92 
P048A028.JPG 69 68 92 
P081B108.JPG 51 70 98 
P084B094.JPG 62 58 81 
P027A010.JPG 121 130 146 
P049B077.JPG 38 59 63 
P083B072.JPG 53 61 65 
P028A001.JPG 106 111 117 
P080A031.JPG 82 85 114 
P028B096.JPG 92 78 79 
P075A005.JPG 109 109 106 
P083A008.JPG 50 60 57 
P084A048.JPG 73 76 69 
P083A014.JPG 44 58 62 
P079B061.JPG 97 91 84 
P079B091.JPG 73 82 93 
P027A035.JPG 117 117 121 
P028A009.JPG 100 103 123 
P078A022.JPG 116 91 100 
P078A009.JPG 34 55 70 
P077B059.JPG 50 52 74 
P084B066.JPG 115 110 102 
P058A014.JPG 102 89 93 
P028A002.JPG 131 140 144 
P027A044.JPG 97 92 97 
P023B102.JPG 69 66 101 
P080A012.JPG 90 70 95 
P076B095.JPG 75 60 75 
P026A044.JPG 59 74 109 
P082B073.JPG 86 91 91 
P083A028.JPG 86 85 77 
P081A004.JPG 81 90 99 
P084B093.JPG 76 85 78 
P049B079.JPG 56 77 62 
P086A036.JPG 72 87 105 
P079B079.JPG 41 50 69 
P077B103.JPG 79 45 67 
P028A008.JPG 91 92 118 
P081B067.JPG 64 84 90 
P082B064.JPG 24 53 133 
P028A007.JPG 47 66 89 
P078B108.JPG 76 90 101 
P081B063.JPG 68 78 107 
P080B071.JPG 74 76 81 
P042A032.JPG 81 67 85 
P082B097.JPG 76 101 124 
P083A031.JPG 56 81 71 
P027A003.JPG 45 63 106 
P027A009.JPG 98 100 124 
P027B086.JPG 114 122 124 
P026B109.JPG 116 117 133 
P081B093.JPG 103 102 114 
P077A001.JPG 94 99 113 
P085A024.JPG 75 79 73 
P048A021.JPG 41 60 63 
P076B072.JPG 99 88 102 
P080A024.JPG 37 47 73 
P058A022.JPG 75 76 107 
P077A014.JPG 48 70 102 
P082B076.JPG 43 59 60 
P079A026.JPG 89 88 90 
P083B080.JPG 66 73 70 
P028A041.JPG 47 59 78 
P028B088.JPG 79 79 75 
P086A033.JPG 63 76 81 
P028A004.JPG 83 82 100 
P028A003.JPG 113 127 146 
P078A019.JPG 108 74 85 
P028B087.JPG 51 58 78 
P086A035.JPG 73 86 98 
P077A021.JPG 89 92 97 
P079A008.JPG 79 92 129 
P083A011.JPG 46 53 78 
P028A015.JPG 118 118 135 
P077B108.JPG 80 53 64 
P082B074.JPG 82 94 111 
P023B095.JPG 92 93 109 
P081B095.JPG 77 100 105 
P077B106.JPG 79 53 62 
P027A029.JPG 73 88 128 
P027B107.JPG 66 76 81 
P077B076.JPG 121 91 94 
P083B060.JPG 64 69 92 
P082B090.JPG 47 65 79 
P028B093.JPG 55 71 93 
P058A025.JPG 60 65 97 
P076B093.JPG 70 82 118 
P084B064.JPG 139 80 85 
P079B078.JPG 94 103 117 
P024A032.JPG 49 65 105 
P084B065.JPG 99 86 109 
P049B075.JPG 67 79 69 
P083B086.JPG 56 66 93 
P077B070.JPG 82 65 50 
P033B108.JPG 45 55 55 
P027B101.JPG 95 95 115 
P084B092.JPG 80 95 114 
P079A045.JPG 66 66 55 
P045B083.JPG 103 112 118 
P027B089.JPG 109 116 117 
P044A020.JPG 99 115 160 
P022A026.JPG 66 92 139 
P083B065.JPG 94 89 91 
P058A015.JPG 82 65 74 
P081B104.JPG 78 81 79 
P028A039.JPG 47 64 87 
P090B063.JPG 107 124 152 
P082B070.JPG 46 49 75 
P080A027.JPG 54 59 76 
P078A016.JPG 107 73 43 
P074B107.JPG 78 105 70 
P027A046.JPG 65 80 91 
P082A006.JPG 51 62 83 
P093A005.JPG 82 116 114 
P077A036.JPG 56 67 66 
P084B080.JPG 72 88 104 
P077A009.JPG 73 75 86 
P044A003.JPG 83 85 88 
P027B105.JPG 65 56 49 
P078A003.JPG 76 75 72 
P084B074.JPG 67 85 98 
P079B081.JPG 88 91 109 
P077A029.JPG 76 88 92 
P080B095.JPG 92 97 89 
P080A028.JPG 69 69 74 
P027B088.JPG 77 77 70 
P085A008.JPG 72 88 83 
P076B088.JPG 67 72 104 
P077A015.JPG 60 80 112 
P048A037.JPG 63 67 100 
P028A012.JPG 97 95 122 
P082B058.JPG 76 78 85 
P080A020.JPG 91 107 151 
P027A048.JPG 60 76 86 
P077A018.JPG 70 78 106 
P078A018.JPG 82 98 108 
P027B106.JPG 132 67 43 
P081B066.JPG 58 71 81 
P077B096.JPG 73 59 62 
P027A028.JPG 63 76 116 
P062B098.JPG 90 86 91 
P022A011.JPG 81 106 100 
P084B070.JPG 100 106 122 
P078A005.JPG 75 76 64 
P077A016.JPG 58 64 92 
P082A009.JPG 62 77 104 
P027A001.JPG 108 106 123 
P078B102.JPG 106 120 158 
P082A003.JPG 56 70 96 
P077A006.JPG 67 94 140 
P048A029.JPG 48 72 89 
P084B072.JPG 83 91 91 
P082B078.JPG 55 66 69 
P028B095.JPG 69 84 101 
P084B077.JPG 89 85 83 
P078A049.JPG 102 76 63 
P080B098.JPG 71 81 81 
P083A010.JPG 90 93 101 
P080B092.JPG 90 94 88 
P023B066.JPG 132 136 149 
P038B081.JPG 78 74 72 
P086A048.JPG 65 78 106 
P091A035.JPG 51 83 116 
P032A045.JPG 59 59 57 
P035A039.JPG 123 128 131 
P015B051.JPG 77 66 62 
P056A027.JPG 110 102 104 
P060B090.JPG 48 47 42 
P056A005.JPG 134 79 87 
P086B082.JPG 67 81 88 
P007A046.JPG 61 73 39 
P060B104.JPG 31 41 67 
P091B102.JPG 77 100 135 
P060B101.JPG 125 111 80 
P050B089.JPG 75 83 103 
P035A045.JPG 57 73 84 
P086A046.JPG 60 72 94 
P050B094.JPG 71 107 161 
P056A006.JPG 121 82 54 
P079A028.JPG 77 72 71 
P079A029.JPG 79 71 80 
P085A021.JPG 70 82 86 
P007B054.JPG 91 107 70 
P050B092.JPG 70 89 123 
P056A020.JPG 125 71 85 
P035A041.JPG 42 75 114 
P023B069.JPG 68 93 142 
P007B061.JPG 63 68 60 
P015B103.JPG 87 99 122 
P023B072.JPG 38 59 91 
P085A026.JPG 72 79 75 
P050B091.JPG 82 92 110 
P035B055.JPG 109 103 95 
P092A004.JPG 68 97 141 
P085A025.JPG 103 136 149 
P015B108.JPG 57 79 110 
P035A042.JPG 43 89 107 
P051A008.JPG 60 83 126 
P090B103.JPG 87 119 162 
P056A021.JPG 116 128 135 
P016A018.JPG 67 56 38 
P015B105.JPG 61 93 152 
P056A001.JPG 132 111 101 
P023B067.JPG 136 141 154 
P086A042.JPG 55 64 82 
P091B108.JPG 79 111 159 
P050B090.JPG 50 80 125 
P056A004.JPG 158 97 111 
P060B084.JPG 108 103 97 
P035B052.JPG 58 65 70 
P007B060.JPG 72 80 82 
P088A002.JPG 77 92 134 
P079A027.JPG 115 79 62 
P086A049.JPG 70 81 102 
P015B104.JPG 74 91 124 
P060B099.JPG 98 51 47 
P050B098.JPG 46 77 125 
P031B086.JPG 81 75 92 
P035A043.JPG 99 107 133 
P050B078.JPG 57 82 114 
P056A016.JPG 102 74 62 
P006A011.JPG 89 49 60 
P061B109.JPG 98 86 75 
P079A030.JPG 83 81 81 
P088A014.JPG 55 79 117 
P050B086.JPG 72 109 165 
P062A002.JPG 93 75 64 
P086B052.JPG 81 93 125 
P032A002.JPG 68 75 87 
P023B075.JPG 56 94 164 
P016A022.JPG 82 92 106 
P034A033.JPG 91 97 140 
P050B083.JPG 88 106 113 
P062A012.JPG 87 70 60 
P061B108.JPG 76 70 78 
P049B108.JPG 63 91 111 
P050B079.JPG 63 80 109 
P015A039.JPG 67 76 92 
P035A050.JPG 110 113 115 
P086A044.JPG 79 84 95 
P087A005.JPG 41 65 97 
P031B096.JPG 72 76 91 
P032A012.JPG 53 63 63 
P090B109.JPG 104 129 167 
P023B060.JPG 52 90 160 
P035A048.JPG 37 46 80 
P035A046.JPG 93 81 92 
P086A050.JPG 58 72 95 
P035B054.JPG 39 63 73 
P031B087.JPG 65 68 78 
P086B051.JPG 52 69 104 
P015A050.JPG 85 72 64 
P056A002.JPG 125 57 63 
P056A009.JPG 104 81 83 
P050B053.JPG 99 120 165 
P032A005.JPG 58 61 66 
P091B099.JPG 63 90 129 
P060B103.JPG 106 106 110 
P032A037.JPG 71 73 83 
P050B087.JPG 83 100 127 
P060B102.JPG 71 72 69 
P056A008.JPG 56 49 50 
P086B066.JPG 76 84 77 
P007B062.JPG 50 55 64 
P086A045.JPG 63 71 84 
P086B057.JPG 75 81 102 
P049B106.JPG 41 67 88 
P035A049.JPG 26 38 60 
P031B085.JPG 73 89 97 
P056A007.JPG 123 76 87 
P035B053.JPG 67 74 81 
P061B104.JPG 119 106 93 
P087A003.JPG 55 105 155 
P032A003.JPG 64 70 80 
P035A047.JPG 73 83 89 
P086A047.JPG 78 90 118 
P023B071.JPG 20 35 67 
P086B058.JPG 82 90 116 
P062A001.JPG 94 78 71 
P049B107.JPG 83 89 96 
P031B080.JPG 66 57 53 
P086B056.JPG 99 97 109 
P035A044.JPG 61 57 51 
P007B057.JPG 69 78 90 
P035B051.JPG 76 63 49 
P032A015.JPG 64 63 61 
P059A046.JPG 87 102 98 
P050A016.JPG 62 89 131 
P089A002.JPG 85 76 78 
P057B052.JPG 114 110 98 
P071B094.JPG 137 98 62 
P046B071.JPG 66 86 111 
P063A007.JPG 109 74 44 
P090B074.JPG 76 103 140 
P087B099.JPG 100 100 97 
P047B107.JPG 166 104 37 
P046B089.JPG 106 98 75 
P089A041.JPG 89 75 56 
P072A023.JPG 114 68 23 
P087B080.JPG 84 55 83 
P089A042.JPG 100 101 119 
P060B098.JPG 109 89 83 
P071B099.JPG 114 92 82 
P044A012.JPG 77 94 131 
P070B067.JPG 55 60 64 
P061A048.JPG 168 141 114 
P088B087.JPG 83 67 62 
P045B055.JPG 69 76 71 
P045B093.JPG 97 83 56 
P070B077.JPG 56 69 95 
P090A034.JPG 91 99 107 
P072B085.JPG 103 86 73 
P073A003.JPG 121 83 57 
P062A015.JPG 185 138 122 
P062B065.JPG 107 90 76 
P071B100.JPG 68 56 49 
P071B059.JPG 44 40 38 
P044B110.JPG 76 94 104 
P071B110.JPG 62 56 37 
P089B058.JPG 146 118 94 
P070B094.JPG 48 54 85 
P045B087.JPG 85 75 49 
P071B104.JPG 54 48 31 
P047B083.JPG 87 68 42 
P071B066.JPG 175 175 177 
P045B098.JPG 83 52 48 
P047A003.JPG 158 74 54 
P090A020.JPG 98 104 108 
P062A038.JPG 141 92 80 
P084A016.JPG 137 84 71 
P090B079.JPG 101 115 132 
P055B052.JPG 78 89 101 
P077A020.JPG 49 72 119 
P056B062.JPG 99 49 46 
P057A037.JPG 157 134 120 
P071B081.JPG 109 114 127 
P071B062.JPG 62 54 38 
P070B072.JPG 69 84 117 
P061A007.JPG 120 84 59 
P089A034.JPG 126 117 107 
P046B099.JPG 124 86 34 
P058A038.JPG 122 109 104 
P088B091.JPG 101 89 66 
P060B060.JPG 91 74 51 
P055B096.JPG 120 101 88 
P055B097.JPG 97 49 54 
P089B077.JPG 100 97 100 
P045B095.JPG 93 78 70 
P047A037.JPG 114 103 80 
P046B079.JPG 43 42 29 
P060B077.JPG 169 101 65 
P046A003.JPG 116 91 78 
P057A023.JPG 107 95 77 
P072B079.JPG 105 64 30 
P092A005.JPG 80 71 75 
P088B060.JPG 90 77 63 
P043A020.JPG 138 78 54 
P070B097.JPG 28 63 120 
P046B068.JPG 91 78 88 
P071B051.JPG 57 46 29 
P072B097.JPG 71 52 37 
P070B098.JPG 56 82 113 
P057B105.JPG 81 76 57 
P090A014.JPG 108 115 127 
P090A031.JPG 67 83 108 
P057B051.JPG 114 89 62 
P092A009.JPG 76 98 145 
P059B059.JPG 123 89 71 
P073A008.JPG 151 143 182 
P046B063.JPG 98 97 108 
P071B090.JPG 117 94 61 
P055B108.JPG 58 43 33 
P063A005.JPG 112 75 43 
P071B068.JPG 124 137 158 
P047A005.JPG 106 94 105 
P059A042.JPG 127 85 60 
P063A004.JPG 84 70 59 
P055B100.JPG 97 81 70 
P090B110.JPG 98 100 108 
P059A039.JPG 88 74 74 
P090A032.JPG 182 154 167 
P046B100.JPG 136 110 64 
P090B105.JPG 108 91 79 
P090A003.JPG 81 80 80 
P056A044.JPG 108 60 47 
P089B061.JPG 143 129 124 
P061A050.JPG 98 73 65 
P063B065.JPG 92 74 78 
P047A036.JPG 103 88 76 
P091A011.JPG 111 111 109 
P047A031.JPG 73 75 72 
P084A011.JPG 114 105 100 
P090B052.JPG 170 139 94 
P070B066.JPG 104 115 123 
P088B055.JPG 119 93 65 
P060B078.JPG 102 91 84 
P062B072.JPG 118 90 82 
P088B066.JPG 87 87 74 
P059B076.JPG 62 57 47 
P047A040.JPG 65 53 46 
P047A024.JPG 79 59 61 
P047A015.JPG 52 44 47 
P045B077.JPG 107 90 82 
P070A024.JPG 90 83 74 
P069B064.JPG 75 64 52 
P081A034.JPG 77 101 155 
P063A038.JPG 78 79 80 
P060B067.JPG 98 56 43 
P047A023.JPG 99 67 61 
P070A025.JPG 75 73 71 
P059B062.JPG 120 94 87 
P091A004.JPG 41 56 50 
P090B054.JPG 93 119 143 
P091A021.JPG 88 107 144 
P084A003.JPG 100 121 121 
P090A049.JPG 115 125 138 
P090A012.JPG 102 122 130 
P087B092.JPG 177 133 52 
P060B097.JPG 66 60 40 
P055B105.JPG 156 110 96 
P059B061.JPG 128 107 93 
P090B072.JPG 65 89 128 
P084A012.JPG 83 118 197 
